0.246933
0.247032
0.24715
0.247189
0.237924
0.218485
0.193189
0.180149
0.1519
0.128702
0.107103
0.0859804
0.0650507
0.0447529
0.024646
0.00258235
-0.0206136
-0.0432458
-0.0652368
-0.087084
-0.10135
-0.122417
-0.144077
-0.166504
-0.189108
-0.211942
-0.234734
-0.247684
-0.256473
-0.264102
-0.273046
-0.281641
-0.295109
-0.303439
-0.302745
-0.311902
-0.315129
-0.320066
-0.323824
-0.326001
-0.327807
-0.320619
-0.307114
-0.295294
-0.284051
-0.269632
-0.252649
-0.233701
-0.218703
-0.199618
-0.189851
-0.175059
-0.160644
-0.146637
-0.132309
-0.115655
-0.0959653
-0.0824074
-0.0782973
-0.0762078
-0.0726701
-0.0681979
-0.0623158
-0.0580729
-0.0557627
-0.0529534
-0.0513783
-0.0492851
-0.0464349
-0.0432406
-0.0409898
-0.0381307
-0.0360898
-0.0343953
-0.0321157
-0.0283688
-0.0257868
-0.0238321
-0.019719
-0.0185901
-0.0176799
-0.0174444
-0.0175073
-0.0178094
-0.01663
0.00559081
0.0293325
0.0461621
0.0639714
0.0711002
0.0862006
0.0940784
0.113761
0.126353
0.149116
0.170791
0.188049
0.196908
0.204647
0.214466
0.230452
0.244394
0.270267
0.285058
0.292988
0.300707
0.305406
0.3092
0.315735
0.320713
0.323731
0.328019
0.331975
0.334059
0.335175
0.337455
0.339665
0.341875
0.343114
0.344959
0.346724
0.347599
0.348402
0.348201
0.3477
0.348113
0.348592
0.343954
0.336436
0.326473
0.31054
0.291836
0.272696
0.258052
0.247263
0.239117
0.233057
0.22126
0.204871
0.184278
0.166431
0.146963
0.146963
0.119422
0.118239
0.114176
0.106238
0.0953134
0.0888705
0.08184
0.0770147
0.0700264
0.0684076
0.0678123
0.0660992
0.0630409
0.0582463
0.0548947
0.051434
0.0493256
0.0459846
0.0449356
0.0450842
0.0448257
0.0326195
0.021153
0.00510326
-0.0051457
-0.0238868
-0.0396998
-0.0633769
-0.0837918
-0.102089
-0.118704
-0.133839
-0.148406
-0.163585
-0.180882
-0.194326
-0.224918
-0.237988
-0.258199
-0.268241
-0.282061
-0.293463
-0.295398
-0.302491
-0.314436
-0.320753
-0.326679
-0.325775
-0.328412
-0.332603
-0.337021
-0.341207
-0.343878
-0.344955
-0.349446
-0.358393
-0.362192
-0.366043
-0.363161
-0.362597
-0.361822
-0.351806
-0.332835
-0.312336
-0.292052
-0.283054
-0.267879
-0.261169
-0.247857
-0.228964
-0.213298
-0.194643
-0.175916
-0.161292
-0.156059
-0.150818
-0.143503
-0.129773
-0.118389
-0.100703
-0.0861149
-0.0713843
-0.0723838
-0.0680921
-0.0652064
-0.0609616
-0.0524643
-0.0485893
-0.0452155
-0.0416824
-0.0381402
-0.0394125
-0.0382334
-0.0353477
-0.0320255
-0.0297829
-0.0280972
-0.0256421
-0.0245282
-0.0248519
-0.0248495
-0.0250025
-0.0252815
-0.0117293
-0.00275699
0.00731114
0.0207435
0.0389667
0.0524959
0.0776818
0.0900543
0.105294
0.118501
0.131448
0.145727
0.162695
0.183644
0.207315
0.22862
0.245965
0.260643
0.273832
0.286547
0.288162
0.294514
0.299761
0.307077
0.312716
0.317553
0.323057
0.329215
0.333271
0.335189
0.340845
0.346322
0.350486
0.352414
0.355127
0.355758
0.355679
0.355313
0.354667
0.35416
0.35428
0.344144
0.325158
0.305622
0.289194
0.273685
0.262174
0.252082
0.24082
0.232497
0.214078
0.203782
0.186693
0.169536
0.153712
0.138977
0.126529
0.120545
0.110659
0.0958916
0.0911249
0.0872717
0.0803235
0.0744862
0.0699949
0.0673111
0.0632012
0.0605524
0.0581116
0.0550663
0.0522355
0.0506803
0.0486045
0.0456231
0.04231
0.0405733
0.0406763
0.0407929
0.0314825
0.0227993
0.0101464
-0.00615813
-0.0259389
-0.046577
-0.0672708
-0.0888285
-0.106109
-0.114942
-0.127631
-0.146166
-0.161011
-0.178609
-0.200285
-0.222596
-0.235768
-0.252156
-0.265971
-0.2796
-0.284486
-0.288985
-0.296502
-0.30475
-0.312547
-0.316579
-0.316579
-0.320866
-0.32315
-0.325642
-0.326878
-0.329127
-0.330245
-0.332333
-0.33352
-0.334999
-0.337061
-0.338645
-0.338514
-0.338341
-0.332561
-0.32372
-0.313195
-0.2988
-0.281103
-0.26207
-0.24061
-0.232909
-0.220895
-0.211473
-0.20141
-0.18799
-0.168064
-0.152669
-0.134313
-0.117047
-0.103922
-0.100344
-0.0982515
-0.0916386
-0.087445
-0.0810805
-0.0744991
-0.0687647
-0.0641865
-0.0605187
-0.057783
-0.0554417
-0.0529339
-0.0507585
-0.0485745
-0.0455838
-0.0424456
-0.0405577
-0.037385
-0.035911
-0.0336995
-0.0317985
-0.0303045
-0.0336488
-0.0273025
-0.00804776
0.0123649
0.0300449
0.0520265
0.0688403
0.0829784
0.097682
0.108585
0.12635
0.145119
0.163099
0.1782
0.190244
0.196053
0.211756
0.226207
0.250849
0.270181
0.291191
0.295487
0.298848
0.304762
0.309005
0.319773
0.325578
0.325112
0.329054
0.332381
0.3358
0.339962
0.342562
0.345203
0.347949
0.35024
0.351879
0.353492
0.354101
0.353349
0.352997
0.352639
0.343906
0.325605
0.307429
0.294903
0.286696
0.27902
0.268681
0.253645
0.230857
0.215721
0.203398
0.180579
0.17198
0.167014
0.159595
0.146459
0.135968
0.116554
0.096522
0.0803209
0.0747463
0.0736194
0.0703792
0.0655946
0.0623156
0.0567597
0.0549115
0.0511364
0.048838
0.0467473
0.0451597
0.0431004
0.0413872
0.0390737
0.037387
0.0359532
0.0359855
0.0357929
0.035872
0.0239162
0.0163572
-0.0049546
-0.0279318
-0.0454603
-0.0587762
-0.0702467
-0.0831259
-0.0990408
-0.120096
-0.14335
-0.163816
-0.163816
-0.185173
-0.190104
-0.200935
-0.213114
-0.225432
-0.249524
-0.264855
-0.279172
-0.284986
-0.29223
-0.297749
-0.305764
-0.311546
-0.314651
-0.319456
-0.322334
-0.323918
-0.325594
-0.327612
-0.329917
-0.331461
-0.333206
-0.335631
-0.337385
-0.337489
-0.337298
-0.337272
-0.33048
-0.322007
-0.313557
-0.299252
-0.288397
-0.263059
-0.245135
-0.235581
-0.222391
-0.210531
-0.198266
-0.183437
-0.166787
-0.149069
-0.128752
-0.116615
-0.105502
-0.101298
-0.097222
-0.0900444
-0.0874424
-0.0805401
-0.0733733
-0.0670901
-0.0631675
-0.0620743
-0.0581805
-0.0544371
-0.0518246
-0.0486548
-0.0457089
-0.0433366
-0.0412041
-0.0389489
-0.0353321
-0.0341545
-0.0312513
-0.0295578
-0.0296127
-0.0296184
-0.0231376
-0.00893003
0.000870394
0.016398
0.036104
0.0564275
0.0766578
0.0957151
0.106097
0.114052
0.137186
0.147711
0.166198
0.188022
0.210407
0.230291
0.246942
0.261302
0.273639
0.280741
0.287802
0.293542
0.299041
0.310366
0.31581
0.321687
0.323189
0.326844
0.33047
0.333689
0.336088
0.33848
0.340684
0.342754
0.344686
0.346189
0.348004
0.349326
0.350742
0.351109
0.341187
0.323117
0.301819
0.286511
0.266991
0.260963
0.251153
0.235444
0.222863
0.207424
0.189258
0.172571
0.163903
0.153044
0.143759
0.134282
0.122875
0.103557
0.0877955
0.0676181
0.063338
0.0620551
0.0599733
0.0562617
0.0518508
0.0499887
0.0499887
0.0450379
0.0438717
0.0423184
0.0344908
0.0321598
0.0298762
0.0274951
0.0250014
0.0226712
0.0258145
0.0260281
0.0260595
0.0213393
0.00425565
-0.011137
-0.0346283
-0.0521428
-0.0639716
-0.0741856
-0.0775693
-0.103738
-0.119065
-0.139089
-0.163069
-0.184743
-0.201438
-0.207477
-0.216584
-0.232154
-0.240788
-0.269058
-0.276969
-0.290678
-0.295826
-0.301969
-0.306974
-0.312757
-0.317995
-0.320737
-0.322925
-0.324962
-0.326475
-0.327552
-0.329223
-0.330577
-0.331898
-0.332723
-0.334033
-0.335424
-0.336513
-0.337111
-0.33748
-0.337953
-0.331673
-0.324153
-0.315688
-0.303432
-0.286508
-0.274009
-0.256428
-0.239989
-0.225674
-0.213483
-0.203223
-0.191076
-0.177866
-0.161954
-0.142376
-0.122808
-0.106563
-0.0993765
-0.0962939
-0.0950052
-0.0894036
-0.0846687
-0.0735673
-0.067503
-0.0609546
-0.0545803
-0.0558635
-0.0542705
-0.0529588
-0.0504226
-0.0462034
-0.0438553
-0.0438553
-0.0395164
-0.0365944
-0.0347748
-0.0339492
-0.0332091
-0.0333435
-0.0331316
-0.0278208
-0.00853938
0.0159049
0.0359279
0.0537535
0.0635936
0.0751208
0.0926941
0.107422
0.118815
0.139994
0.162195
0.180765
0.194049
0.197913
0.208513
0.224374
0.244492
0.266908
0.281656
0.28862
0.295018
0.300572
0.308069
0.311693
0.315141
0.318368
0.321225
0.323432
0.324577
0.327024
0.329064
0.331026
0.333285
0.335721
0.338601
0.340578
0.341098
0.340312
0.340966
0.333817
0.32881
0.323362
0.314969
0.300338
0.281382
0.261258
0.243377
0.22862
0.21784
0.206193
0.194215
0.18397
0.160336
0.149635
0.132263
0.115709
0.102962
0.0991277
0.0944259
0.0902243
0.0863595
0.0797213
0.0684206
0.06265
0.0617245
0.0589561
0.0573698
0.0556041
0.0503769
0.0469153
0.0435112
0.040328
0.0378971
0.0351094
0.0330435
0.0319111
0.0312503
0.0312139
0.0314511
0.03046
0.00697974
-0.0100555
-0.0381062
-0.0591029
-0.0616418
-0.0699652
-0.0870693
-0.100354
-0.121523
-0.139631
-0.162705
-0.180976
-0.188721
-0.195557
-0.210629
-0.222734
-0.233207
-0.263015
-0.278369
-0.295197
-0.295768
-0.298549
-0.304246
-0.314855
-0.320402
-0.319292
-0.321527
-0.326015
-0.32993
-0.332099
-0.335021
-0.339525
-0.341475
-0.344095
-0.347324
-0.349989
-0.350448
-0.350961
-0.351086
-0.350731
-0.35096
-0.351176
-0.344728
-0.335504
-0.325289
-0.310692
-0.298717
-0.279627
-0.262496
-0.248577
-0.238185
-0.22946
-0.218177
-0.202759
-0.180827
-0.164852
-0.145776
-0.127991
-0.114141
-0.103698
-0.102176
-0.0983004
-0.0952179
-0.0853911
-0.0804001
-0.0746316
-0.069869
-0.0672772
-0.063335
-0.0600492
-0.0576617
-0.0538932
-0.0523033
-0.05059
-0.0484999
-0.0462677
-0.04592
-0.0458371
-0.0464172
-0.0469792
-0.0469758
-0.0472112
-0.0419538
-0.0249751
0.00187971
0.0246251
0.0421057
0.0534869
0.0662576
0.0843117
0.0948079
0.115495
0.135642
0.155098
0.171189
0.184578
0.197655
0.21159
0.229154
0.252142
0.277114
0.290571
0.29737
0.302315
0.30534
0.309502
0.315172
0.321166
0.32463
0.328911
0.334085
0.338462
0.340698
0.342432
0.345386
0.349099
0.351681
0.351582
0.351068
0.351447
0.351877
0.352035
0.34813
0.330462
0.308422
0.290813
0.275326
0.266675
0.259693
0.249096
0.230314
0.216445
0.199304
0.181913
0.168226
0.161272
0.149851
0.142988
0.129592
0.104646
0.0865347
0.0694726
0.0669243
0.0628522
0.0593766
0.056151
0.0522861
0.0489157
0.0466327
0.044593
0.0427818
0.0417164
0.0409576
0.0392784
0.0380707
0.0372769
0.0371549
0.0364964
0.0367671
0.0248579
0.00644229
-0.0152784
-0.0306085
-0.0514751
-0.0674336
-0.0777378
-0.0936433
-0.110494
-0.128289
-0.147195
-0.165897
-0.182627
-0.198187
-0.214146
-0.231697
-0.251295
-0.272931
-0.292217
-0.292217
-0.299319
-0.304146
-0.309222
-0.31972
-0.32522
-0.325349
-0.328121
-0.33121
-0.332268
-0.334211
-0.3378
-0.339947
-0.3421
-0.34343
-0.346245
-0.347856
-0.349258
-0.349167
-0.349173
-0.348664
-0.348434
-0.348211
-0.348041
-0.338675
-0.320979
-0.30042
-0.284272
-0.268194
-0.264494
-0.258587
-0.243376
-0.231066
-0.210718
-0.196148
-0.176814
-0.162432
-0.156922
-0.149624
-0.136818
-0.126206
-0.105733
-0.0911475
-0.0721532
-0.0682384
-0.0672396
-0.0653927
-0.0622664
-0.0526461
-0.0486326
-0.0452441
-0.041787
-0.0429465
-0.0412714
-0.0401743
-0.0374729
-0.0342614
-0.0315289
-0.0307065
-0.0310296
-0.0307476
-0.0310578
-0.0310907
-0.0310003
-0.0264595
-0.00768566
0.015603
0.0374411
0.055747
0.0660884
0.0779623
0.0964171
0.111828
0.1293
0.150339
0.164694
0.183393
0.197387
0.203405
0.218718
0.231208
0.251703
0.274916
0.289954
0.29642
0.302244
0.308013
0.314131
0.317316
0.319616
0.324071
0.326664
0.328027
0.330242
0.332506
0.334055
0.335765
0.337692
0.338415
0.338202
0.338388
0.33041
0.321738
0.315855
0.303063
0.285388
0.265657
0.246604
0.235713
0.2283
0.22162
0.21053
0.197013
0.178331
0.162001
0.143412
0.127836
0.119629
0.109035
0.0987519
0.0911133
0.0841809
0.0794114
0.0739948
0.0681315
0.0626367
0.0586214
0.060874
0.0544221
0.0521182
0.0496185
0.0479285
0.0451495
0.0424761
0.0400822
0.0376868
0.0347599
0.0315557
0.0285483
0.030705
0.0302127
0.0223489
0.00425488
-0.0166795
-0.0314877
-0.0513491
-0.067555
-0.0780658
-0.0943952
-0.111261
-0.128627
-0.146307
-0.164283
-0.181724
-0.197465
-0.213316
-0.229772
-0.247483
-0.266563
-0.281458
-0.285679
-0.291814
-0.295526
-0.301318
-0.311535
-0.317837
-0.323783
-0.321348
-0.323271
-0.325429
-0.326352
-0.327949
-0.329803
-0.330891
-0.332358
-0.332755
-0.334477
-0.335928
-0.336727
-0.336479
-0.335911
-0.335193
-0.335357
-0.335829
-0.330009
-0.322063
-0.31329
-0.299106
-0.280771
-0.261742
-0.245095
-0.232899
-0.227165
-0.21994
-0.208953
-0.193657
-0.175453
-0.15694
-0.136814
-0.120533
-0.113587
-0.106648
-0.0986281
-0.0845072
-0.0758734
-0.0752831
-0.0681497
-0.0636655
-0.0607152
-0.0593056
-0.0571842
-0.0541063
-0.0515067
-0.0495572
-0.0461747
-0.0445044
-0.0436597
-0.041208
-0.0409189
-0.0409656
-0.0409371
-0.0365928
-0.0182156
0.00626635
0.0307997
0.0517522
0.0624423
0.0725895
0.0903226
0.104216
0.121097
0.143223
0.158674
0.178461
0.19291
0.198681
0.213734
0.225864
0.241542
0.268557
0.285606
0.294246
0.301862
0.307945
0.313151
0.316794
0.319684
0.322109
0.323699
0.326136
0.327916
0.329028
0.330762
0.332715
0.334053
0.335349
0.337568
0.340253
0.340549
0.342084
0.341829
0.341731
0.342333
0.341899
0.326167
0.321342
0.319422
0.312389
0.29963
0.282649
0.262764
0.242156
0.226195
0.21394
0.204613
0.19203
0.176498
0.160829
0.146097
0.129593
0.114135
0.102657
0.101114
0.0976183
0.0944479
0.0882864
0.0780584
0.0720524
0.0663183
0.0676463
0.0663504
0.0639013
0.0612667
0.0571902
0.056145
0.0533563
0.050813
0.0478694
0.047025
0.0474659
0.047769
0.0401222
0.0213931
-0.00126138
-0.0177002
-0.0378946
-0.0523062
-0.0610389
-0.0750701
-0.0912898
-0.110373
-0.132947
-0.154081
-0.170636
-0.178758
-0.193652
-0.206154
-0.221692
-0.246875
-0.267953
-0.281555
-0.288213
-0.295042
-0.300892
-0.305355
-0.311116
-0.317973
-0.323658
-0.327576
-0.330954
-0.334665
-0.338228
-0.341184
-0.343343
-0.345421
-0.346984
-0.350956
-0.353343
-0.35693
-0.359864
-0.362223
-0.353287
-0.344099
-0.33231
-0.316714
-0.29845
-0.279422
-0.262407
-0.249908
-0.241587
-0.23069
-0.217638
-0.200305
-0.179605
-0.162759
-0.143989
-0.128122
-0.117301
-0.115315
-0.10789
-0.09539
-0.0862882
-0.0777922
-0.0703591
-0.0673979
-0.0644361
-0.0618414
-0.0596234
-0.0563636
-0.0524172
-0.0503491
-0.0469127
-0.0444776
-0.0437737
-0.0421309
-0.0397743
-0.0378051
-0.0356498
-0.035089
-0.0349765
-0.0351811
-0.0293519
-0.0182176
-0.00913323
0.0100679
0.0302456
0.0490225
0.0725463
0.0913371
0.100387
0.110409
0.127962
0.141843
0.158841
0.172553
0.19517
0.21679
0.237441
0.256511
0.274616
0.290405
0.292436
0.29584
0.302105
0.310239
0.317041
0.320701
0.32548
0.33024
0.33211
0.334106
0.336506
0.339384
0.341292
0.3428
0.343867
0.346088
0.348029
0.349804
0.349919
0.349214
0.346537
0.332258
0.317725
0.308065
0.290685
0.272324
0.255298
0.242249
0.230697
0.219836
0.208023
0.193432
0.174339
0.152638
0.132976
0.117925
0.114437
0.108466
0.104366
0.0980025
0.0914539
0.0846624
0.0785534
0.0740956
0.0705115
0.0677063
0.064205
0.0608455
0.0590617
0.0572586
0.0557537
0.0548687
0.0527603
0.0517402
0.0503386
0.0485891
0.0473792
0.0454338
0.0447704
0.0446869
0.0385482
0.0250635
0.013075
-0.00220975
-0.0207774
-0.0423163
-0.0630875
-0.0834692
-0.0946281
-0.104537
-0.123621
-0.14109
-0.161166
-0.183369
-0.203113
-0.21843
-0.225647
-0.241885
-0.255869
-0.269675
-0.280572
-0.286892
-0.295672
-0.298528
-0.304233
-0.310083
-0.315947
-0.320245
-0.322517
-0.325418
-0.327074
-0.328711
-0.331053
-0.332641
-0.334255
-0.335642
-0.338269
-0.338236
-0.337999
-0.33766
-0.331434
-0.322222
-0.314204
-0.3013
-0.284349
-0.264412
-0.245605
-0.231873
-0.222968
-0.209597
-0.1975
-0.187743
-0.170681
-0.149819
-0.134566
-0.118878
-0.106682
-0.101988
-0.0959359
-0.0909559
-0.0865567
-0.0799829
-0.0690651
-0.0631375
-0.0641047
-0.0633356
-0.0608552
-0.0566979
-0.0530708
-0.0511095
-0.0487423
-0.0461438
-0.0437024
-0.0415415
-0.0400151
-0.0386211
-0.0368748
-0.0351553
-0.0341688
-0.0335911
-0.032074
-0.0170153
0.0073124
0.0293462
0.0480529
0.0561201
0.0668194
0.084329
0.0993783
0.118876
0.14266
0.164542
0.18145
0.185127
0.193674
0.209776
0.223455
0.247227
0.266845
0.28774
0.293645
0.299498
0.304413
0.309517
0.315689
0.318355
0.321819
0.326364
0.327317
0.328396
0.33061
0.333011
0.335387
0.33682
0.338872
0.340964
0.342567
0.343897
0.344179
0.34492
0.337656
0.319802
0.298402
0.281621
0.272904
0.263327
0.253862
0.240314
0.223951
0.20349
0.188784
0.175175
0.16366
0.158773
0.149037
0.134054
0.121253
0.103833
0.0876204
0.078209
0.0797182
0.0757968
0.0706312
0.0604669
0.0550634
0.0544954
0.0515451
0.0487775
0.0470583
0.046295
0.0438055
0.0418188
0.0406426
0.0392685
0.0367446
0.0360108
