0.0214404
0.0214404
0.0214404
0.0214404
0.0214404
0.0214404
0.0214404
0.0214404
0.0214543
0.0139204
-0.0181391
-0.0804136
-0.115768
-0.164992
-0.234574
-0.266602
-0.312683
-0.342526
-0.34812
-0.367468
-0.380997
-0.389577
-0.406026
-0.417574
-0.425573
-0.425558
-0.425716
-0.425691
-0.425431
-0.425533
-0.425533
-0.425533
-0.425533
-0.425533
-0.425533
-0.425533
-0.425533
-0.425533
-0.425864
-0.39846
-0.371733
-0.324702
-0.254606
-0.235204
-0.164745
-0.117074
-0.0861256
-0.0395008
-0.0211582
-0.0114601
0.00137638
0.015084
0.020474
0.0275941
0.0290684
0.0293054
0.0290544
0.0290145
0.0289098
0.0287634
0.0287634
0.0287634
0.0287634
0.0287634
0.0287634
0.0287634
0.0287634
0.0307257
0.0451318
0.0593322
0.0935479
0.127061
0.152535
0.190365
0.248131
0.276817
0.316178
0.326261
0.344668
0.373345
0.385608
0.413358
0.423236
0.423331
0.423261
0.423176
0.423324
0.423446
0.42315
0.423086
0.423086
0.423086
0.423086
0.423086
0.423086
0.423086
0.42722
0.418293
0.397359
0.326369
0.263612
0.221681
0.162364
0.133228
0.0756883
0.0405833
0.0290858
0.0154616
-0.00231717
-0.0108474
-0.0227815
-0.0371359
-0.0343092
-0.0344221
-0.0344444
-0.0343405
-0.0342849
-0.0341817
-0.0341054
-0.0344042
-0.0344042
-0.0344042
-0.0344042
-0.0344042
-0.0344042
-0.0344042
-0.0361719
-0.0437001
-0.0540248
-0.0746046
-0.111891
-0.123646
-0.174573
-0.221481
-0.253148
-0.302781
-0.322162
-0.334904
-0.362558
-0.380776
-0.39412
-0.422143
-0.431495
-0.431321
-0.431528
-0.431206
-0.431448
-0.431862
-0.431573
-0.431564
-0.431564
-0.431564
-0.431564
-0.431564
-0.431564
-0.431564
-0.43576
-0.425695
-0.371166
-0.35151
-0.269129
-0.184172
-0.163027
-0.101614
-0.0611
-0.043377
-0.024616
-0.0131915
-0.00591209
0.00350181
0.0148352
0.0225861
0.0238528
0.023788
0.0241858
0.0239287
0.0239656
0.0237054
0.0240801
0.0238662
0.0236654
0.0236654
0.0236654
0.0236654
0.0236654
0.0236654
0.0236654
0.0247324
0.0410498
0.0476012
0.0731404
0.100321
0.125552
0.184887
0.229709
0.263096
0.300578
0.319749
0.332131
0.352816
0.375754
0.387994
0.413491
0.421114
0.421435
0.421249
0.421266
0.421217
0.421225
0.421145
0.421436
0.421436
0.421436
0.421436
0.421436
0.421436
0.421436
0.422451
0.414388
0.360197
0.341956
0.260004
0.201214
0.159964
0.0991344
0.05953
0.0420703
0.0234466
0.0107345
0.00321569
-0.00761463
-0.0195648
-0.0240687
-0.0240363
-0.0243534
-0.0241526
-0.0241999
-0.0240623
-0.0244416
-0.0241886
-0.0243484
-0.0243484
-0.0243484
-0.0243484
-0.0243484
-0.0243484
-0.0253836
-0.0254894
-0.0434294
-0.0538131
-0.0659033
-0.103823
-0.147373
-0.179209
-0.246232
-0.290902
-0.306729
-0.325322
-0.353069
-0.362966
-0.37975
-0.403963
-0.422144
-0.424205
-0.424032
-0.424105
-0.423976
-0.424013
-0.424196
-0.424161
-0.424303
-0.424303
-0.424303
-0.424303
-0.424303
-0.424303
-0.428
-0.418185
-0.366988
-0.347251
-0.261663
-0.198946
-0.155081
-0.0982691
-0.0611101
-0.0442239
-0.0268952
-0.0149983
-0.00721092
0.0044636
0.0188027
0.0264651
0.0383667
0.0384253
0.0381372
0.038203
0.0382625
0.0380899
0.0382556
0.0383632
0.0383632
0.0383632
0.0383632
0.0383632
0.0383632
0.0383632
0.0391591
0.0432284
0.0532915
0.0708001
0.0909114
0.110805
0.152789
0.216794
0.249914
0.29834
0.326358
0.338227
0.35588
0.38025
0.385328
0.411704
0.414045
0.414119
0.414218
0.413847
0.413504
0.41348
0.413934
0.413841
0.413841
0.413841
0.413841
0.413841
0.413841
0.413841
0.414792
0.403596
0.36428
0.290423
0.271047
0.190867
0.157593
0.109284
0.0525469
0.0355147
0.020608
0.00232628
-0.00142269
-0.0174709
-0.0324096
-0.0362008
-0.0364813
-0.0361409
-0.0361791
-0.0363833
-0.0363388
-0.0362097
-0.0365471
-0.0363418
-0.0363418
-0.0363418
-0.0363418
-0.0363418
-0.0363418
-0.0363418
-0.0372572
-0.041334
-0.0560383
-0.0820136
-0.112466
-0.139077
-0.182938
-0.240936
-0.271466
-0.307813
-0.333119
-0.345552
-0.366651
-0.390026
-0.409604
-0.428167
-0.425649
-0.425422
-0.425265
-0.425412
-0.425466
-0.425404
-0.425411
-0.425286
-0.425286
-0.425286
-0.425286
-0.425286
-0.425286
-0.425286
-0.429366
-0.414455
-0.403158
-0.333671
-0.272952
-0.231635
-0.151512
-0.106276
-0.0774806
-0.0427307
-0.0305835
-0.0132389
-0.00120428
0.00593627
0.0206583
0.0305497
0.037269
0.0372826
0.0373826
0.0375126
0.0377283
0.0377167
0.0376454
0.0375411
0.0375411
0.0375411
0.0375411
0.0375411
0.0375411
0.0375411
0.0378144
0.0378949
0.0498179
0.0731421
0.0880102
0.119811
0.174654
0.201367
0.251249
0.307304
0.314746
0.339321
0.357766
0.372088
0.393943
0.411495
0.413663
0.413959
0.41358
0.413766
0.413967
0.413626
0.413802
0.41799
0.41799
0.41799
0.41799
0.41799
0.41799
0.41799
0.416992
0.409238
0.359901
0.322435
0.262383
0.182656
0.142853
0.0989683
0.0457328
0.0368565
0.0165259
0.00416862
-0.00329114
-0.0174029
-0.026676
-0.0323412
-0.0328678
-0.032827
-0.0327757
-0.0327904
-0.03261
-0.0323854
-0.0325015
-0.032859
-0.032859
-0.032859
-0.032859
-0.032859
-0.032859
-0.032859
-0.0336691
-0.0388631
-0.049011
-0.0719931
-0.104195
-0.124972
-0.164716
-0.227842
-0.257649
-0.304587
-0.326787
-0.33367
-0.364287
-0.38375
-0.398105
-0.428545
-0.429851
-0.43017
-0.429755
-0.429952
-0.429547
-0.430134
-0.429913
-0.4301
-0.4301
-0.4301
-0.4301
-0.4301
-0.4301
-0.4301
-0.4301
-0.430804
-0.394903
-0.37842
-0.297515
-0.234115
-0.194611
-0.125936
-0.0858439
-0.0627843
-0.0385145
-0.027775
-0.0199573
-0.0044625
0.0117215
0.0230472
0.0296579
0.029827
0.0294933
0.0297578
0.0295523
0.029668
0.0298026
0.0299902
0.0299902
0.0299902
0.0299902
0.0299902
0.0299902
0.0299902
0.0319607
0.0391936
0.0548527
0.0878037
0.0964844
0.140991
0.183617
0.216134
0.280956
0.313525
0.327357
0.353322
0.374902
0.386939
0.412542
0.421795
0.421629
0.421517
0.421722
0.421727
0.421678
0.421866
0.426303
0.4259
0.4259
0.4259
0.4259
0.4259
0.4259
0.4259
0.425349
0.425362
0.396717
0.32615
0.305578
0.226785
0.164419
0.136291
0.0791611
0.0450752
0.033384
0.0158865
0.00374365
-0.00417306
-0.0175892
-0.0214399
-0.0212613
-0.0214448
-0.0212496
-0.0215958
-0.0216996
-0.0214656
-0.0215747
-0.0215173
-0.0216109
-0.0216109
-0.0216109
-0.0216109
-0.0216109
-0.0216109
-0.0216109
-0.0224939
-0.027649
-0.0467033
-0.0521852
-0.0574126
-0.0775616
-0.134205
-0.170903
-0.229792
-0.294689
-0.304023
-0.332084
-0.358578
-0.365035
-0.390729
-0.415279
-0.415428
-0.415424
-0.415526
-0.415461
-0.415444
-0.415463
-0.41537
-0.415441
-0.415441
-0.415441
-0.415441
-0.415441
-0.415441
-0.419889
-0.406025
-0.381333
-0.328591
-0.248242
-0.228073
-0.149658
-0.105687
-0.0774304
-0.0357669
-0.0212174
-0.0125928
-0.000998971
0.0143574
0.0250014
0.0328911
0.0330222
0.0333503
0.033305
0.0331212
0.0334864
0.0332293
0.0330792
0.033195
0.0334157
0.0334157
0.0334157
0.0334157
0.0334157
0.0334157
0.0341539
0.0404896
0.0502696
0.0689427
0.0936588
0.128643
0.171622
0.203891
0.269485
0.312779
0.32843
0.346347
0.370005
0.384513
0.405481
0.409816
0.409488
0.409578
0.409707
0.409616
0.409793
0.409803
0.40967
0.409707
0.409707
0.409707
0.409707
0.409707
0.409707
0.409707
0.410869
0.405618
0.353949
0.297212
0.256441
0.176207
0.13066
0.101617
0.0610635
0.0318976
0.0234757
0.010494
-0.00518557
-0.0169697
-0.025204
-0.0254563
-0.0253516
-0.0253739
-0.0251709
-0.0253297
-0.0250293
-0.0251842
-0.0254332
-0.0249359
-0.0249359
-0.0249359
-0.0249359
-0.0249359
-0.0249359
-0.0249359
-0.0260614
-0.0268125
-0.0533869
-0.0717006
-0.0878432
-0.135257
-0.16442
-0.214909
-0.28166
-0.303923
-0.326257
-0.347151
-0.365117
-0.39154
-0.420772
-0.429737
-0.42981
-0.429715
-0.429951
-0.42987
-0.429759
-0.429986
-0.429806
-0.429818
-0.429818
-0.429818
-0.429818
-0.429818
-0.429818
-0.429818
-0.429818
-0.43372
-0.401317
-0.366671
-0.305427
-0.221851
-0.176646
-0.129121
-0.0783571
-0.0675247
-0.0410431
-0.0304591
-0.0225904
-0.00732391
0.00423911
0.0119055
0.0315019
0.0341749
0.0345044
0.0342245
0.0345909
0.0342789
0.0340515
0.0347099
0.0347099
0.0347099
0.0347099
0.0347099
0.0347099
0.0347099
0.035509
0.0402287
0.0610514
0.0694301
0.0818156
0.127941
0.143048
0.20916
0.259727
0.287153
0.31675
0.337714
0.355029
0.373629
0.401563
0.423484
0.42827
0.428111
0.428084
0.428092
0.428255
0.428144
0.428141
0.428184
0.428184
0.428184
0.428184
0.428184
0.428184
0.428184
0.43276
0.432752
0.399015
0.347193
0.306193
0.220561
0.199346
0.128164
0.0844825
0.0582164
0.0322727
0.0203931
0.0124955
0.00190268
-0.0122416
-0.0216335
-0.0287791
-0.0288408
-0.0287361
-0.028991
-0.0286075
-0.0290823
-0.0293246
-0.0291911
-0.0291911
-0.0291911
-0.0291911
-0.0291911
-0.0291911
-0.0291911
-0.0307332
-0.0310781
-0.0442238
-0.0621818
-0.0725487
-0.0958391
-0.149182
-0.164739
-0.230591
-0.285923
-0.31204
-0.34251
-0.363858
-0.380927
-0.406295
-0.416565
-0.416649
-0.416234
-0.41643
-0.416394
-0.416333
-0.416506
-0.416596
-0.416348
-0.416348
-0.416348
-0.416348
-0.416348
-0.416348
-0.416348
-0.420704
-0.42076
-0.386268
-0.332618
-0.290441
-0.223863
-0.18377
-0.111
-0.070748
-0.0486222
-0.0293063
-0.0154805
-0.00849309
0.000803235
0.0139651
0.0233464
0.0308959
0.0306502
0.0309997
0.0311056
0.0303515
0.0309913
0.0310179
0.0309457
0.0306088
0.0306088
0.0306088
0.0306088
0.0306088
0.0306088
0.0318049
0.0358389
0.0584523
0.0664757
0.081368
0.121292
0.136158
0.203115
0.273505
0.292763
0.336198
0.354584
0.366251
0.392394
0.40766
0.416964
0.41701
0.416842
0.416993
0.416778
0.416862
0.416864
0.416722
0.416594
0.416645
0.416645
0.416645
0.416645
0.416645
0.416645
0.417908
0.411323
0.362951
0.346087
0.265086
0.184192
0.162698
0.0957567
0.0501767
0.0295803
0.009052
-0.00283109
-0.00945825
-0.0182262
-0.027799
-0.0332096
-0.0344556
-0.0341514
-0.0345845
-0.034444
-0.0346145
-0.0343168
-0.0343817
-0.0344896
-0.0344492
-0.0344492
-0.0344492
-0.0344492
-0.0344492
-0.0344492
-0.0344492
-0.0358804
-0.0387177
-0.0607139
-0.0813636
-0.0993598
-0.149736
-0.19501
-0.223791
-0.290863
-0.317734
-0.33074
-0.347941
-0.372922
-0.382605
-0.402983
-0.40752
-0.407523
-0.407193
-0.407567
-0.407218
-0.407262
-0.407445
-0.407163
-0.407435
-0.407435
-0.407435
-0.407435
-0.407435
-0.407435
-0.408251
-0.379504
-0.348294
-0.289422
-0.209277
-0.186776
-0.120098
-0.0776851
-0.0522822
-0.0254059
-0.0137725
-0.00630969
0.00462981
0.0118234
0.0299749
0.0384927
0.0380925
0.0383818
0.0386359
0.038309
0.0383908
0.03834
0.0383326
0.038588
0.038588
0.038588
0.038588
0.038588
0.038588
0.038588
0.0390252
0.043687
0.0526153
0.0583408
0.050257
0.0559538
0.0880286
0.143689
0.184035
0.246801
0.312424
0.329503
0.348067
0.371859
0.3811
0.400901
0.421208
0.418502
0.418495
0.418332
0.418241
0.418124
0.41855
0.418491
0.418491
0.418491
0.418491
0.418491
0.418491
0.418491
0.419446
0.412405
0.359714
0.341427
0.259353
0.196744
0.162244
0.0996296
0.0596804
0.0418588
0.0277268
0.0207921
0.00494439
-0.00748538
-0.0239593
-0.0307986
-0.0307341
-0.0307356
-0.0308197
-0.03076
-0.0304401
-0.0308443
-0.0306926
-0.0307818
-0.0307818
-0.0307818
-0.0307818
-0.0307818
-0.0307818
-0.0307818
-0.0319014
-0.0368609
-0.0588516
-0.0769611
-0.0943468
-0.130403
-0.194221
-0.229679
-0.280089
-0.323161
-0.336046
-0.354578
-0.38031
-0.385561
-0.414049
-0.418192
-0.41813
-0.418098
-0.417927
-0.418067
-0.418069
-0.417827
-0.418191
-0.417834
-0.417834
-0.417834
-0.417834
-0.417834
-0.417834
-0.417834
-0.421373
-0.409591
-0.369692
-0.332115
-0.250364
-0.189059
-0.153579
-0.106951
-0.0529843
-0.0367296
-0.0232463
-0.0150748
-0.000514449
0.0102787
0.0173779
0.0321714
0.0357635
0.0360607
0.0357349
0.0362682
0.0360226
0.0358265
0.0398137
0.0390657
0.0390657
0.0390657
0.0390657
0.0390657
0.0390657
0.0390657
0.0379376
0.0384841
0.0507005
0.0563852
0.0703757
0.0910523
0.1384
0.209483
0.227559
0.298687
0.326092
0.339122
0.362253
0.382974
0.392725
0.412714
0.410491
0.410217
0.410359
0.410508
0.410058
0.410453
0.410383
0.410389
0.410389
0.410389
0.410389
0.410389
0.410389
0.410389
0.410558
0.401939
0.365376
0.288159
0.245804
0.1829
0.10965
0.0788624
0.0410319
0.0162707
0.0129749
-0.000203194
-0.00971235
-0.015593
-0.0272281
-0.0349083
-0.0357542
-0.0359497
-0.0359197
-0.0359684
-0.0358155
-0.0357553
-0.0358147
-0.0360367
