0.131138
0.13104
0.130995
0.131007
0.130963
0.122009
0.112287
0.109317
0.107834
0.109434
0.111458
0.11018
0.101191
0.0916656
0.0825501
0.0797252
0.079966
0.0816459
0.0804638
0.0727212
0.0699291
0.0600129
0.0561716
0.0496617
0.0468457
0.0532792
0.0538744
0.047907
0.0463062
0.0435527
0.0399208
0.0362586
0.0330834
0.0307405
0.0296071
0.0276652
0.0267776
0.0253062
0.0238039
0.022293
0.02083
0.0288958
0.0438649
0.0623453
0.081777
0.0999619
0.11762
0.131763
0.144805
0.158934
0.169205
0.185629
0.203625
0.222058
0.239349
0.256176
0.271975
0.285953
0.289411
0.294458
0.301932
0.309365
0.315608
0.31951
0.322034
0.325948
0.328541
0.331141
0.334644
0.33714
0.340209
0.343493
0.347184
0.349738
0.352973
0.357194
0.359693
0.361774
0.367381
0.368688
0.370693
0.372474
0.373853
0.374274
0.366975
0.356013
0.343675
0.328662
0.309757
0.290077
0.271283
0.258321
0.243074
0.23634
0.226853
0.211104
0.198156
0.177065
0.158737
0.136146
0.117077
0.103051
0.100139
0.0964806
0.0910595
0.0836661
0.0764604
0.0719778
0.066337
0.0630966
0.0614356
0.0593003
0.0550322
0.0534164
0.0525051
0.049985
0.0476974
0.046152
0.0450034
0.0437522
0.0427488
0.0413861
0.0417118
0.0412814
0.0409739
0.0405591
0.0403659
0.0308007
0.0124582
-0.00747245
-0.0205471
-0.0384008
-0.0523312
-0.0671876
-0.0842627
-0.104972
-0.120498
-0.141644
-0.158484
-0.171437
-0.182627
-0.194503
-0.194503
-0.227025
-0.250815
-0.276298
-0.295889
-0.298826
-0.30363
-0.307536
-0.312104
-0.319015
-0.326581
-0.328061
-0.332102
-0.337372
-0.34298
-0.345921
-0.348172
-0.350088
-0.351986
-0.352882
-0.352146
-0.351868
-0.343214
-0.326479
-0.307838
-0.296498
-0.278803
-0.271503
-0.259887
-0.248675
-0.235046
-0.218004
-0.197154
-0.182414
-0.166931
-0.154187
-0.147567
-0.136132
-0.131473
-0.10984
-0.0977773
-0.0821743
-0.0726369
-0.0736894
-0.0711304
-0.0676117
-0.0587915
-0.0547502
-0.0507788
-0.0472491
-0.0439532
-0.0407765
-0.0378481
-0.0400738
-0.0395506
-0.0379427
-0.0351463
-0.0280861
-0.0255421
-0.0230381
-0.0268979
-0.0263432
-0.0173937
-0.00790709
0.00109636
0.0146608
0.0267954
0.0529154
0.0633447
0.0854874
0.102282
0.116007
0.128557
0.142225
0.15789
0.17763
0.20145
0.225059
0.245136
0.261655
0.26632
0.277102
0.283826
0.288664
0.298331
0.30755
0.315472
0.321837
0.325454
0.328088
0.332633
0.338286
0.343084
0.346579
0.351331
0.356113
0.358532
0.360335
0.362643
0.364213
0.364328
0.364024
0.363108
0.363065
0.355119
0.338329
0.318426
0.300401
0.285044
0.277448
0.261668
0.251194
0.231132
0.214343
0.195229
0.177818
0.164675
0.160466
0.153
0.138817
0.127679
0.106383
0.090603
0.0722659
0.0711688
0.0681558
0.0660174
0.0563352
0.0522183
0.0473953
0.0431771
0.0392832
0.0420036
0.0412346
0.0387502
0.035605
0.0324314
0.0303415
0.0283079
0.0271645
0.0276002
0.0273911
0.0277058
0.0289047
0.0283896
0.020591
0.0105776
-0.0011237
-0.0160305
-0.0349979
-0.0557256
-0.0751521
-0.0953719
-0.107061
-0.129691
-0.140838
-0.157452
-0.173593
-0.189791
-0.206907
-0.225728
-0.247248
-0.268737
-0.286949
-0.289484
-0.292234
-0.299002
-0.310932
-0.317578
-0.321955
-0.322925
-0.325066
-0.326703
-0.330755
-0.335052
-0.338049
-0.341064
-0.345018
-0.348722
-0.349773
-0.349258
-0.348732
-0.339167
-0.327941
-0.308491
-0.291621
-0.279744
-0.27156
-0.263907
-0.250876
-0.235109
-0.213896
-0.197782
-0.17849
-0.162334
-0.15077
-0.146709
-0.13334
-0.126278
-0.112912
-0.0947535
-0.0753132
-0.0682517
-0.0652787
-0.061532
-0.0579879
-0.0536209
-0.0505497
-0.0505497
-0.0472158
-0.0455898
-0.0439302
-0.0436186
-0.0424708
-0.0417633
-0.0407142
-0.0395511
-0.0381446
-0.037202
-0.036647
-0.0369778
-0.0371153
-0.0276055
-0.0088789
0.0160246
0.0326033
0.0548307
0.0622823
0.0743722
0.0883839
0.103474
0.12211
0.144487
0.165379
0.181702
0.194262
0.205993
0.219673
0.235882
0.257257
0.271172
0.288105
0.289048
0.294659
0.300557
0.307065
0.3145
0.320861
0.325437
0.328933
0.331987
0.334253
0.336242
0.339032
0.342607
0.345179
0.35015
0.352657
0.356414
0.359543
0.356892
0.356984
0.350898
0.340899
0.33327
0.323737
0.309074
0.291875
0.274359
0.258394
0.248773
0.236936
0.224399
0.208892
0.190603
0.168961
0.150019
0.130894
0.115976
0.110747
0.104207
0.0913335
0.0898552
0.0854201
0.0784399
0.0742232
0.0682674
0.0645742
0.0616643
0.0569505
0.0529378
0.0488672
0.0458931
0.0438996
0.0424976
0.0402577
0.0378955
0.0366117
0.0346501
0.0339633
0.0348204
0.0346143
0.0345488
0.0291504
0.0182898
0.00409988
-0.0137969
-0.0356427
-0.0553914
-0.0788296
-0.0967046
-0.105892
-0.11754
-0.125759
-0.149245
-0.1599
-0.17901
-0.203083
-0.226096
-0.244751
-0.259964
-0.273
-0.285617
-0.289994
-0.2934
-0.300872
-0.307916
-0.311419
-0.316636
-0.318219
-0.322143
-0.326206
-0.328446
-0.331352
-0.333959
-0.336116
-0.338783
-0.341455
-0.343948
-0.345434
-0.345375
-0.344282
-0.337345
-0.329622
-0.317802
-0.303722
-0.288239
-0.269365
-0.250523
-0.23283
-0.217008
-0.205109
-0.195804
-0.185032
-0.185032
-0.145646
-0.134578
-0.103249
-0.0901151
-0.0739002
-0.0704688
-0.0686388
-0.0667389
-0.062466
-0.0569583
-0.05162
-0.0458872
-0.0433902
-0.0422288
-0.0404181
-0.0385372
-0.0374633
-0.0367005
-0.0349962
-0.0339223
-0.0335414
-0.0325715
-0.0313489
-0.0304833
-0.0300363
-0.0294209
-0.0292849
-0.0144103
0.00200844
0.0226307
0.0372437
0.0513062
0.0725679
0.0870783
0.0972675
0.11356
0.131243
0.150663
0.169465
0.186088
0.200835
0.215802
0.232014
0.250743
0.273256
0.287897
0.298898
0.30098
0.306689
0.312246
0.322957
0.328583
0.326245
0.330109
0.333486
0.335527
0.338471
0.342083
0.344806
0.34764
0.349872
0.353572
0.35535
0.357693
0.359336
0.358938
0.358606
0.350883
0.333781
0.313773
0.298788
0.285041
0.275836
0.265152
0.245475
0.236428
0.22042
0.196071
0.185302
0.173145
0.168623
0.155761
0.145805
0.133006
0.11094
0.0939151
0.0742122
0.0708678
0.0671976
0.0656764
0.0608369
0.0573019
0.0520718
0.0503912
0.0473248
0.0445502
0.0427011
0.0412357
0.0399474
0.0384208
0.0367837
0.035257
0.0339373
0.0323395
0.0312273
0.0297616
0.0292651
0.0280884
0.0167894
0.007979
-0.00566582
-0.0240576
-0.0446046
-0.0636946
-0.0849398
-0.102267
-0.116818
-0.131312
-0.147217
-0.15902
-0.179308
-0.201786
-0.223008
-0.241951
-0.258149
-0.2723
-0.280501
-0.288508
-0.293431
-0.301273
-0.309966
-0.316541
-0.319486
-0.319486
-0.327197
-0.329066
-0.332448
-0.338217
-0.3415
-0.344458
-0.350072
-0.356429
-0.360135
-0.362948
-0.365091
-0.365228
-0.358561
-0.344998
-0.336822
-0.323756
-0.307958
-0.288922
-0.268456
-0.260256
-0.233493
-0.221846
-0.213662
-0.20523
-0.191995
-0.172957
-0.156554
-0.135229
-0.114541
-0.103489
-0.0934942
-0.0913649
-0.0882357
-0.0822378
-0.0758236
-0.0647797
-0.05889
-0.0580168
-0.0553858
-0.0545264
-0.052812
-0.0515646
-0.0498205
-0.0490017
-0.0485427
-0.0471398
-0.0467545
-0.045634
-0.0446521
-0.0439328
-0.0432014
-0.0430988
-0.0424537
-0.0318538
-0.0117285
0.00813683
0.0247138
0.0437443
0.0536278
0.0675303
0.0822479
0.0995776
0.119057
0.138404
0.157727
0.175589
0.191155
0.205109
0.218838
0.234074
0.253088
0.274876
0.283995
0.288837
0.297967
0.299865
0.305507
0.315805
0.321645
0.319846
0.322328
0.324796
0.329072
0.333747
0.336323
0.336323
0.340613
0.343002
0.346498
0.348106
0.350819
0.351227
0.350151
0.346221
0.337008
0.326099
0.313138
0.296237
0.277329
0.257038
0.240866
0.227176
0.220575
0.211515
0.200128
0.18078
0.165811
0.145473
0.123812
0.105188
0.0917392
0.088851
0.0842298
0.0779451
0.0715911
0.065425
0.0592138
0.0574207
0.0555745
0.0543256
0.0516077
0.0497411
0.0490886
0.0475457
0.0456571
0.0444067
0.0430618
0.0417617
0.0398915
0.0385412
0.037287
0.0373176
0.0370924
0.0214995
0.0107729
-0.0108452
-0.0302324
-0.0494531
-0.0611483
-0.0722168
-0.0891022
-0.102848
-0.120038
-0.140877
-0.16143
-0.173279
-0.194657
-0.204346
-0.218954
-0.234533
-0.252116
-0.273786
-0.296936
-0.30588
-0.310408
-0.316293
-0.321124
-0.325963
-0.331361
-0.336267
-0.339198
-0.34136
-0.348465
-0.350639
-0.353721
-0.356086
-0.358752
-0.361509
-0.363514
-0.364994
-0.366516
-0.367602
-0.368067
-0.361982
-0.354606
-0.350336
-0.334385
-0.316794
-0.303137
-0.286824
-0.263365
-0.246447
-0.239744
-0.232584
-0.217056
-0.204867
-0.182243
-0.165927
-0.142905
-0.125101
-0.121111
-0.108662
-0.097351
-0.0864007
-0.0766863
-0.0732453
-0.0652475
-0.0582521
-0.0543765
-0.0537423
-0.0521046
-0.0496038
-0.0470974
-0.0452304
-0.0424848
-0.0395207
-0.0381449
-0.0368841
-0.0349609
-0.0331523
-0.0322039
-0.0320536
-0.031843
-0.0315001
-0.0313103
-0.0313502
-0.0216602
-0.00220689
0.0175069
0.0322705
0.0445631
0.05977
0.0743349
0.0904641
0.10918
0.130717
0.151649
0.169682
0.183823
0.195582
0.207464
0.221416
0.237865
0.258925
0.279392
0.282629
0.288564
0.294001
0.297925
0.308741
0.315069
0.321328
0.322326
0.325547
0.328252
0.332393
0.335402
0.337375
0.340616
0.342436
0.343659
0.343117
0.342592
0.342559
0.342444
0.341981
0.339125
0.330686
0.32301
0.310835
0.294843
0.275866
0.257188
0.241969
0.233344
0.222802
0.212489
0.199736
0.183146
0.164872
0.146234
0.12951
0.11738
0.11644
0.110513
0.103486
0.0971835
0.0861684
0.0816982
0.0746744
0.0677233
0.0611122
0.0631847
0.0606519
0.0570348
0.0523465
0.0498993
0.0483083
0.045054
0.0420942
0.0396053
0.0395685
0.0394491
0.0401059
0.0398861
0.039789
0.0354003
0.0247091
0.0139148
-0.00172655
-0.0197974
-0.0409263
-0.0621225
-0.0850363
-0.103364
-0.118447
-0.131918
-0.146326
-0.162764
-0.175357
-0.206081
-0.220637
-0.237291
-0.242181
-0.250914
-0.259016
-0.266359
-0.275036
-0.283372
-0.29591
-0.303927
-0.303814
-0.308025
-0.310729
-0.31459
-0.317747
-0.319807
-0.32273
-0.324425
-0.325892
-0.326047
-0.326621
-0.32687
-0.320927
-0.313871
-0.305916
-0.293849
-0.277273
-0.258812
-0.247679
-0.233139
-0.220225
-0.208017
-0.19517
-0.180093
-0.163437
-0.146736
-0.131108
-0.113862
-0.104933
-0.0955832
-0.0867384
-0.0867384
-0.0811601
-0.0740063
-0.0666545
-0.0597123
-0.0547789
-0.0531187
-0.0506379
-0.0482653
-0.0473271
-0.0455371
-0.0432022
-0.0420936
-0.0406593
-0.0394196
-0.0371095
-0.0361149
-0.035139
-0.0343356
-0.0350711
-0.0359643
-0.03634
-0.0360826
-0.0358943
-0.0271176
-0.0168836
-0.00536608
0.0105586
0.0306894
0.0512114
0.062798
0.0842137
0.101964
0.116652
0.1303
0.1447
0.161309
0.181645
0.204423
0.225646
0.24356
0.258802
0.272401
0.280777
0.288954
0.292037
0.298605
0.305815
0.313666
0.318604
0.320639
0.326378
0.331779
0.335266
0.338891
0.343942
0.349193
0.352106
0.35305
0.352932
0.353161
0.352978
0.352654
0.352334
0.348326
0.338421
0.328085
0.313658
0.296827
0.278196
0.259238
0.24302
0.228616
0.217882
0.20789
0.199552
0.183428
0.162264
0.145219
0.125389
0.107692
0.0953786
0.0934658
0.0886976
0.0830652
0.0764014
0.0702448
0.065269
0.0634519
0.0618766
0.0595352
0.0565837
0.0549248
0.053389
0.0514301
0.0501543
0.0488965
0.0477633
0.0469281
0.0465264
0.0460316
0.0301421
0.0142246
0.00136953
-0.0133727
-0.033019
-0.0462515
-0.0590903
-0.074508
-0.0940696
-0.117543
-0.140784
-0.159469
-0.174252
-0.187232
-0.200773
-0.216416
-0.228193
-0.258851
-0.279538
-0.290048
-0.29644
-0.300232
-0.304713
-0.310403
-0.317276
-0.323762
-0.328779
-0.333396
-0.338415
-0.342954
-0.3456
-0.349297
-0.346679
-0.347863
-0.350545
-0.359788
-0.363164
-0.367119
-0.365871
-0.365525
-0.359468
-0.347987
-0.331281
-0.313011
-0.295532
-0.276025
-0.26873
-0.254137
-0.23958
-0.225964
-0.211113
-0.197026
-0.181321
-0.164891
-0.148451
-0.134008
-0.120356
-0.107604
-0.101009
-0.095144
-0.0883394
-0.083666
-0.0765039
-0.0708158
-0.0655682
-0.0624334
-0.0609952
-0.0594546
-0.0579386
-0.0565968
-0.0550104
-0.0538909
-0.0526207
-0.0517066
-0.0512804
-0.0499918
-0.0493123
-0.048519
-0.0486862
-0.0488672
-0.0487059
-0.0480288
-0.0480439
-0.0366671
-0.0168202
0.00306573
0.0210178
0.0322072
0.0469331
0.0616375
0.0796874
0.0940552
0.116896
0.137862
0.155972
0.170526
0.182875
0.195511
0.210073
0.232025
0.250653
0.274155
0.291592
0.29216
0.295683
0.302683
0.308325
0.315158
0.317161
0.321097
0.325306
0.327787
0.330358
0.334744
0.33752
0.339579
0.342276
0.344358
0.344692
0.344529
0.33959
0.328528
0.320061
0.311039
0.300355
0.279103
0.262447
0.241456
0.225193
0.2177
0.209736
0.202744
0.187203
0.167663
0.150973
0.128554
0.110244
0.101636
0.0960072
0.0934705
0.0885155
0.0821619
0.074605
0.0642897
0.0636608
0.0604899
0.0593205
0.0580168
0.0564015
0.0545931
0.0535367
0.0521537
0.050073
0.0493511
0.0485564
0.046739
0.0452419
0.0436849
0.0436372
0.0433416
0.0427666
0.0424888
0.0427496
0.0195869
-0.00255432
-0.0246792
-0.0454886
-0.0673423
-0.0792962
-0.0907537
-0.102008
-0.120888
-0.135946
-0.154801
-0.175284
-0.193734
-0.204116
-0.2183
-0.232549
-0.248508
-0.267701
-0.290069
-0.298316
-0.303217
-0.309491
-0.315408
-0.326109
-0.326846
-0.329004
-0.330948
-0.334509
-0.337229
-0.340365
-0.341693
-0.343817
-0.346293
-0.349448
-0.351558
-0.351955
-0.351766
-0.345882
-0.336096
-0.324661
-0.307207
-0.288605
-0.269276
-0.253185
-0.242409
-0.230065
-0.220446
-0.2105
-0.197306
-0.177602
-0.161846
-0.142252
-0.123573
-0.109503
-0.10687
-0.103918
-0.100874
-0.095945
-0.0891227
-0.0826731
-0.0751882
-0.0690105
-0.0636385
-0.0591579
-0.0566062
-0.0548624
-0.0527699
-0.0502109
-0.0474694
-0.0450937
-0.042659
-0.0408711
-0.0367898
-0.0347332
-0.0317941
-0.029642
-0.0323613
-0.0256877
-0.00581323
0.0133253
0.0285495
0.0450059
0.0581311
0.0725612
0.0889535
0.10769
0.121437
0.141105
0.157844
0.171293
0.18303
0.1955
0.210501
0.230368
0.25402
0.27731
0.295185
0.298677
0.301142
0.305919
0.31302
0.321518
0.321243
0.324467
0.329619
0.332972
0.334552
0.33767
0.341594
0.343284
0.345434
0.348232
0.351247
0.352917
0.353359
0.353079
0.352272
0.346053
0.329478
0.310395
0.294061
0.283068
0.275776
0.266449
0.251031
0.227761
0.211675
0.192682
0.175747
0.163044
0.15594
0.146191
0.136608
0.126458
0.115371
0.102962
0.0893985
0.0776317
0.0707847
0.0646282
0.0584206
0.0581398
0.0566082
0.0537667
0.050246
0.0483624
0.0467659
0.0443074
0.0419307
0.0411547
0.0400102
0.0391134
0.0376157
0.0361443
0.0355818
0.036
0.0357965
0.0326692
0.00737239
-0.0153336
-0.02815
-0.0432438
-0.0562183
-0.0710004
-0.0886552
-0.108682
-0.129389
-0.149082
-0.166136
-0.180173
-0.187524
-0.204322
-0.21858
-0.236898
-0.261215
-0.274402
-0.279326
-0.284854
-0.290198
-0.296296
-0.307576
-0.314644
-0.321502
-0.327675
-0.326645
-0.328435
-0.330548
-0.332588
-0.333407
-0.33552
-0.337218
-0.338952
-0.340373
-0.342039
-0.344351
-0.344929
-0.344909
-0.34087
-0.323247
-0.300497
-0.281859
-0.26891
-0.259689
-0.249156
-0.234835
-0.223364
-0.202553
-0.189301
-0.17763
-0.167342
-0.157631
-0.146486
-0.126493
-0.110888
-0.0893075
-0.0721682
-0.0687724
-0.0663921
-0.0647914
-0.0599631
-0.0540707
-0.0448898
-0.0401696
-0.0404946
-0.0387384
-0.0375022
-0.0361254
-0.0350172
-0.0341135
-0.0328996
-0.0314132
-0.0310071
-0.0305959
-0.029313
-0.0295166
-0.0289866
-0.0285301
-0.0160078
-0.000366786
0.0203327
0.0354738
0.055705
0.0704905
0.084244
0.0990072
0.109856
0.134644
0.15542
0.168146
0.184153
0.197922
0.21165
0.226849
0.245097
0.267433
0.288626
0.295612
0.298836
0.303785
0.310114
0.321021
0.326515
0.324099
0.32742
0.332042
0.335616
0.337276
0.339778
0.34213
0.34496
0.347609
0.349736
0.351885
0.354408
0.357042
0.358802
0.359703
0.348145
0.341109
0.331784
0.317957
0.301041
0.281336
0.263153
0.244491
0.232874
0.225185
0.21808
0.205247
0.187782
0.177753
0.153067
0.135885
0.11954
0.11546
0.111316
0.105602
0.0991295
0.091515
0.0805721
0.0738925
0.0672286
0.0679709
0.0656294
0.0620395
0.0607505
0.0595316
0.0577454
0.0549277
0.0534814
0.0521407
0.0502746
0.048706
0.047558
0.04671
0.0456084
0.0450962
0.0374292
0.0250257
0.0102476
-0.00675143
-0.0198549
-0.0409028
-0.0621466
-0.0832822
-0.10011
-0.109021
-0.127724
-0.143532
-0.161779
-0.183498
-0.206933
-0.227401
-0.244092
-0.258154
-0.262203
-0.271332
-0.276827
-0.286163
-0.293528
-0.299356
-0.305257
-0.309035
-0.312443
-0.317763
-0.321352
-0.323795
-0.327838
-0.330593
-0.332215
-0.333744
-0.337849
-0.339336
