0.409323
0.409323
0.409323
0.409323
0.409323
0.409323
0.409323
0.409323
0.409061
0.398661
0.368816
0.321752
0.296634
0.257644
0.202881
0.175974
0.134196
0.101521
0.0946423
0.0660029
0.0498691
0.0381301
0.0136681
-0.00594836
-0.0234644
-0.0204915
-0.0205055
-0.0205374
-0.0203067
-0.0204985
-0.0204985
-0.0204985
-0.0204985
-0.0204985
-0.0204985
-0.0204985
-0.0204985
-0.0204985
-0.0234303
0.00877563
0.031528
0.0664635
0.114984
0.128159
0.180997
0.22083
0.248444
0.300339
0.317953
0.331662
0.356021
0.38382
0.399358
0.432651
0.443817
0.443819
0.443766
0.443527
0.443685
0.443663
0.443663
0.443663
0.443663
0.443663
0.443663
0.443663
0.443663
0.449331
0.42166
0.391969
0.318318
0.258725
0.220598
0.164796
0.106487
0.0725347
0.0372287
0.0233495
0.00641677
-0.0137153
-0.022349
-0.0383905
-0.042931
-0.0431249
-0.0428872
-0.0429656
-0.0429245
-0.0428414
-0.0428798
-0.0427446
-0.0427446
-0.0427446
-0.0427446
-0.0427446
-0.0427446
-0.0427446
-0.0443496
-0.0485827
-0.0594241
-0.0819188
-0.106563
-0.129922
-0.17095
-0.201717
-0.264
-0.303456
-0.318237
-0.338045
-0.363379
-0.376348
-0.396893
-0.423935
-0.423317
-0.423284
-0.423319
-0.423384
-0.423773
-0.423216
-0.423386
-0.423418
-0.423418
-0.423418
-0.423418
-0.423418
-0.423418
-0.423418
-0.428316
-0.415774
-0.392533
-0.33966
-0.258999
-0.237928
-0.159311
-0.114995
-0.0865582
-0.0408312
-0.0251169
-0.0155335
0.00176833
0.0135482
0.0209976
0.0348857
0.0387777
0.0385049
0.0389152
0.0389428
0.0389049
0.0390005
0.0388432
0.0387257
0.0387257
0.0387257
0.0387257
0.0387257
0.0387257
0.0387257
0.0401679
0.0446415
0.0636307
0.0712186
0.0992968
0.144784
0.158965
0.221992
0.269969
0.300214
0.324977
0.345346
0.362233
0.380482
0.408505
0.430942
0.436195
0.436143
0.436287
0.4361
0.436353
0.436117
0.436331
0.436274
0.436265
0.436265
0.436265
0.436265
0.436265
0.436265
0.436265
0.440783
0.405572
0.390683
0.312758
0.250515
0.210988
0.138631
0.0948282
0.069138
0.0409161
0.0280091
0.0198925
0.00773292
-0.00781287
-0.0151863
-0.0293941
-0.0332992
-0.0338525
-0.033522
-0.033449
-0.0333899
-0.0334559
-0.0331941
-0.033438
-0.033438
-0.033438
-0.033438
-0.033438
-0.033438
-0.033438
-0.0349945
-0.0358388
-0.0624196
-0.0686438
-0.101365
-0.137122
-0.165617
-0.224426
-0.275741
-0.305061
-0.328409
-0.349015
-0.366018
-0.385121
-0.413682
-0.432328
-0.427719
-0.427716
-0.42777
-0.427629
-0.427664
-0.427753
-0.427446
-0.427559
-0.427559
-0.427559
-0.427559
-0.427559
-0.427559
-0.433295
-0.433312
-0.402768
-0.349622
-0.307956
-0.22685
-0.160811
-0.130587
-0.0743163
-0.0463391
-0.03642
-0.025237
-0.0100393
-0.00287961
0.00842824
0.023542
0.0387079
0.0358966
0.0357642
0.0358299
0.0357363
0.035805
0.035736
0.035796
0.0362609
0.0362609
0.0362609
0.0362609
0.0362609
0.0362609
0.0367735
0.041902
0.0616361
0.0628481
0.0862564
0.1214
0.152942
0.219107
0.269396
0.29454
0.321405
0.340739
0.355855
0.37122
0.394451
0.406638
0.429843
0.427203
0.427443
0.42747
0.427347
0.427467
0.427487
0.427283
0.427283
0.427283
0.427283
0.427283
0.427283
0.427283
0.430636
0.421897
0.401365
0.330469
0.267215
0.224051
0.163041
0.0995652
0.0743206
0.0436932
0.0255691
0.0186098
0.00790163
-0.00751525
-0.0114562
-0.0356615
-0.0341495
-0.0340313
-0.0340875
-0.0340467
-0.0339724
-0.0343028
-0.0338651
-0.0342717
-0.0342717
-0.0342717
-0.0342717
-0.0342717
-0.0342717
-0.0342717
-0.0357511
-0.0430681
-0.0643997
-0.0983448
-0.108328
-0.157497
-0.180154
-0.22594
-0.289631
-0.309726
-0.33021
-0.356196
-0.365994
-0.388867
-0.41498
-0.423755
-0.423717
-0.423798
-0.42379
-0.423637
-0.423752
-0.42379
-0.423824
-0.428066
-0.428066
-0.428066
-0.428066
-0.428066
-0.428066
-0.428066
-0.428147
-0.418822
-0.397491
-0.32648
-0.265564
-0.228881
-0.168393
-0.110649
-0.0824147
-0.0468841
-0.0241175
-0.0142698
0.000290475
0.017705
0.0293438
0.0371536
0.0370839
0.0373648
0.037171
0.0374217
0.0372565
0.0374668
0.0371915
0.0373405
0.0373405
0.0373405
0.0373405
0.0373405
0.0373405
0.0373405
0.038584
0.0456421
0.0507214
0.0763564
0.101525
0.121773
0.174583
0.220697
0.249302
0.296087
0.310107
0.335971
0.35808
0.36915
0.393683
0.413981
0.427615
0.427799
0.42789
0.427927
0.427978
0.428003
0.428028
0.427873
0.427873
0.427873
0.427873
0.427873
0.427873
0.427873
0.429171
0.429231
0.407088
0.338386
0.297916
0.235176
0.161062
0.128242
0.0842859
0.042329
0.0368383
0.0197408
0.00697822
-0.00138962
-0.016863
-0.0285543
-0.0304401
-0.0302036
-0.0301938
-0.0299387
-0.0302205
-0.0303357
-0.0303436
-0.0302255
-0.0302255
-0.0302255
-0.0302255
-0.0302255
-0.0302255
-0.0302255
-0.0316089
-0.0347422
-0.0580396
-0.0714971
-0.0958976
-0.143925
-0.173159
-0.221521
-0.28372
-0.29795
-0.324313
-0.345416
-0.362324
-0.387115
-0.407902
-0.42653
-0.422709
-0.422983
-0.423163
-0.422801
-0.423048
-0.423097
-0.422872
-0.427033
-0.427033
-0.427033
-0.427033
-0.427033
-0.427033
-0.427033
-0.427502
-0.418505
-0.397489
-0.348056
-0.268865
-0.232257
-0.167149
-0.100961
-0.0732368
-0.0430575
-0.0231616
-0.0181985
-0.000724622
0.0103055
0.0172756
0.0268392
0.0271578
0.0270576
0.0272205
0.0273685
0.0273231
0.0271261
0.0275617
0.0273523
0.0273523
0.0273523
0.0273523
0.0273523
0.0273523
0.0273523
0.0273523
0.0282963
0.0448151
0.049458
0.0727163
0.101884
0.12994
0.194165
0.246882
0.279485
0.31879
0.336022
0.34771
0.373296
0.387811
0.402864
0.412216
0.412027
0.412166
0.412391
0.412563
0.412244
0.412065
0.412409
0.412409
0.412409
0.412409
0.412409
0.412409
0.412409
0.413076
0.402261
0.361995
0.285397
0.264978
0.181118
0.129482
0.0979193
0.0455918
0.0249834
0.017049
0.00256836
-0.00777934
-0.014943
-0.0277249
-0.0313268
-0.0315767
-0.0313859
-0.0319249
-0.0312454
-0.0314933
-0.0314632
-0.0316089
-0.0315525
-0.0315525
-0.0315525
-0.0315525
-0.0315525
-0.0315525
-0.0315525
-0.0326165
-0.0324118
-0.0481141
-0.0716056
-0.0795553
-0.123779
-0.166934
-0.197939
-0.260233
-0.306961
-0.318959
-0.345671
-0.369081
-0.380929
-0.407745
-0.417402
-0.417857
-0.417174
-0.417493
-0.417554
-0.417402
-0.417298
-0.417099
-0.41727
-0.421723
-0.421723
-0.421723
-0.421723
-0.421723
-0.421723
-0.421723
-0.421259
-0.412675
-0.367686
-0.309565
-0.265511
-0.194957
-0.107041
-0.0791026
-0.0429742
-0.0129136
-0.00956895
-0.000454896
0.00842982
0.0108833
0.0207449
0.0306806
0.0309557
0.0312512
0.0312838
0.031001
0.0307337
0.0309149
0.0309464
0.0307656
0.0307656
0.0307656
0.0307656
0.0307656
0.0307656
0.0359055
0.036482
0.0506292
0.071005
0.107365
0.11912
0.17674
0.219473
0.253125
0.307839
0.329001
0.341422
0.363843
0.385964
0.404587
0.422584
0.420906
0.420681
0.420769
0.420469
0.420723
0.420648
0.420586
0.42064
0.420473
0.420473
0.420473
0.420473
0.420473
0.420473
0.424561
0.411067
0.400602
0.332886
0.271171
0.212634
0.151256
0.122803
0.0681054
0.0373661
0.0267877
0.0145844
-0.00172443
-0.00978015
-0.03026
-0.0304314
-0.0306099
-0.0304819
-0.0302035
-0.0305224
-0.0304708
-0.0303645
-0.0303761
-0.0304064
-0.0304064
-0.0304064
-0.0304064
-0.0304064
-0.0304064
-0.0304064
-0.0316903
-0.0360073
-0.0602444
-0.0834742
-0.103401
-0.157929
-0.20497
-0.234304
-0.285823
-0.327646
-0.339604
-0.358169
-0.384962
-0.40088
-0.416278
-0.412283
-0.412503
-0.41252
-0.412338
-0.412192
-0.412221
-0.412541
-0.412364
-0.412229
-0.412229
-0.412229
-0.412229
-0.412229
-0.412229
-0.412229
-0.413009
-0.412057
-0.358321
-0.300606
-0.258397
-0.175864
-0.134316
-0.0917806
-0.0422528
-0.0292543
-0.0174897
-0.00731299
-0.00168901
0.00927777
0.0181167
0.020497
0.0201714
0.0204664
0.0200909
0.0203606
0.0204164
0.0204946
0.0200076
0.0202296
0.0202296
0.0202296
0.0202296
0.0202296
0.0202296
0.0202296
0.0202296
0.0210955
0.0356667
0.0441816
0.0596077
0.0984973
0.128487
0.178538
0.247122
0.26518
0.305725
0.322939
0.334498
0.359824
0.374904
0.385436
0.406829
0.413249
0.413317
0.413048
0.413307
0.413114
0.413107
0.413302
0.413302
0.413302
0.413302
0.413302
0.413302
0.413302
0.414513
0.408185
0.357798
0.298303
0.253081
0.16494
0.148092
0.0851766
0.0466974
0.0303761
0.0137812
0.00267569
-0.00327238
-0.0119744
-0.0225047
-0.0297198
-0.0316333
-0.0314729
-0.0313512
-0.0316051
-0.0316756
-0.0312226
-0.0312749
-0.0315191
-0.0315191
-0.0315191
-0.0315191
-0.0315191
-0.0315191
-0.0315191
-0.0325413
-0.0327444
-0.0482321
-0.0619447
-0.073021
-0.107045
-0.120698
-0.181528
-0.231897
-0.265829
-0.30612
-0.326319
-0.339549
-0.361262
-0.386324
-0.406179
-0.425171
-0.422956
-0.422663
-0.42266
-0.423219
-0.423111
-0.422733
-0.42291
-0.42291
-0.42291
-0.42291
-0.42291
-0.42291
-0.42291
-0.427129
-0.427136
-0.401864
-0.336807
-0.294793
-0.22865
-0.143202
-0.123501
-0.0677519
-0.0321043
-0.0148336
0.00215409
0.0129519
0.0196177
0.0311427
0.0350235
0.035164
0.0353597
0.0350244
0.0350983
0.0350667
0.0351083
0.035288
0.035081
0.035081
0.035081
0.035081
0.035081
0.035081
0.035081
0.0362137
0.0360563
0.0498963
0.0630105
0.072333
0.0958527
0.121162
0.186299
0.239661
0.272593
0.305891
0.33235
0.345438
0.366394
0.389159
0.407712
0.424782
0.422399
0.422075
0.422055
0.422189
0.42204
0.422356
0.422139
0.426505
0.426505
0.426505
0.426505
0.426505
0.426505
0.426301
0.418346
0.373864
0.337829
0.275574
0.190738
0.168069
0.10058
0.0505312
0.040634
0.0185207
0.00832833
0.00195397
-0.0120643
-0.0263813
-0.0297243
-0.0295236
-0.0297922
-0.0300507
-0.0294477
-0.029558
-0.0295578
-0.0295383
-0.029464
-0.0294897
-0.0294897
-0.0294897
-0.0294897
-0.0294897
-0.0294897
-0.030691
-0.0314804
-0.058596
-0.0641479
-0.0866231
-0.135219
-0.148912
-0.206759
-0.251488
-0.281942
-0.311796
-0.334006
-0.3517
-0.372455
-0.402923
-0.427201
-0.433674
-0.433973
-0.433837
-0.433851
-0.434406
-0.434267
-0.43403
-0.434196
-0.434447
-0.434447
-0.434447
-0.434447
-0.434447
-0.434447
-0.434447
-0.440185
-0.430533
-0.376778
-0.317795
-0.276192
-0.19358
-0.142435
-0.111958
-0.0595646
-0.039795
-0.0313584
-0.0196944
-0.00370262
0.00413068
0.0249635
0.0252395
0.0250659
0.0247649
0.0251693
0.0251059
0.0250076
0.0252349
0.0249334
0.0249884
0.0249884
0.0249884
0.0249884
0.0249884
0.0249884
0.0264933
0.0461226
0.0569287
0.078019
0.121237
0.135961
0.198924
0.245868
0.281065
0.321485
0.340157
0.352189
0.37298
0.383967
0.413802
0.431223
0.428644
0.428813
0.428735
0.428769
0.428901
0.429065
0.428833
0.433049
0.433049
0.433049
0.433049
0.433049
0.433049
0.433049
0.431028
0.425135
0.40797
0.349717
0.283146
0.236143
0.143323
0.0841774
0.0589835
0.0317989
0.00968622
0.00491022
-0.00114083
-0.010488
-0.0130188
-0.0275959
-0.0381604
-0.0362843
-0.0363389
-0.0363958
-0.0364496
-0.0362595
-0.0364641
-0.036392
-0.036392
-0.036392
-0.036392
-0.036392
-0.036392
-0.036392
-0.0376192
-0.0424511
-0.0651566
-0.071784
-0.104097
-0.141158
-0.169219
-0.23405
-0.281893
-0.313129
-0.331068
-0.342723
-0.365504
-0.381741
-0.407726
-0.412044
-0.411979
-0.411982
-0.412063
-0.412048
-0.412067
-0.411833
-0.41189
-0.411886
-0.411886
-0.411886
-0.411886
-0.411886
-0.411886
-0.411886
-0.413193
-0.404896
-0.351368
-0.290895
-0.248445
-0.18684
-0.114595
-0.0852998
-0.049524
-0.0245679
-0.0177218
-0.0083098
0.00550597
0.0091551
0.0264989
0.0290385
0.0289692
0.029185
0.0291909
0.0293662
0.0291761
0.0292168
0.0290353
0.0293748
0.0293748
0.0293748
0.0293748
0.0293748
0.0293748
0.0293748
0.0297123
0.0361804
0.0531466
0.0652331
0.0995503
0.138102
0.166417
0.20961
0.279026
0.302887
0.324122
0.336398
0.361276
0.38046
0.393107
0.418095
0.425762
0.425946
0.426117
0.425291
0.429549
0.428726
0.428347
0.427939
0.427939
0.427939
0.427939
0.427939
0.427939
0.427939
0.42814
0.418676
0.398342
0.348723
0.258417
0.211797
0.147918
0.0946808
0.0828542
0.0397094
0.0224356
0.0151087
0.00125294
-0.00927068
-0.0169086
-0.0305102
-0.0308818
-0.0309609
-0.0309104
-0.0309118
-0.0308679
-0.0309019
-0.030978
-0.0307883
-0.0307883
-0.0307883
-0.0307883
-0.0307883
-0.0307883
-0.0307883
-0.032012
-0.0385687
-0.054776
-0.0754907
-0.0906417
-0.123216
-0.184911
-0.219593
-0.269102
-0.312019
-0.3187
-0.34631
-0.368877
-0.381253
-0.408036
-0.428634
-0.431111
-0.431258
-0.431432
-0.431154
-0.431459
-0.43124
-0.431309
-0.431194
